1.159825 4.852443
3.510056 2.879238
1.044649 5.153661
0.548418 2.186712
0.053468 2.267281
3.189978 3.427107
3.236122 0.854030
5.173437 1.257607
3.668996 2.354625
2.255196 0.555742
0.909330 1.350627
4.509293 2.073366
2.951384 0.381237
0.884976 5.697501
0.849452 5.430708
4.157353 1.818293
2.559343 0.422254
0.919401 5.263527
1.148106 1.067354
4.903165 2.851588
4.392102 2.433546
1.677480 3.412458
0.738121 2.206854
5.081881 1.901242
5.036653 2.385937
0.164800 5.967772
3.187963 1.164403
3.945677 1.187109
1.516343 0.866848
3.260659 0.443312
4.177313 1.742119
3.467208 3.195471
3.772088 0.961150
4.174566 5.548814
5.128758 4.972747
1.457198 1.133641
2.966765 0.482315
3.456221 5.206397
4.006653 5.859188
1.890072 3.415204
1.834956 1.043550
0.929289 1.961486
3.845882 4.920011
0.915922 1.938231
4.427992 1.883297
4.960112 5.754448
5.519883 3.306986
2.980865 4.760155
3.637684 2.371105
5.179479 2.949004
0.007508 3.381512
2.101749 5.375774
4.937040 4.479629
4.263009 3.081210
1.823969 0.089908
0.883877 0.995392
5.931150 2.674154
0.714499 0.028016
3.610584 3.642994
0.997406 3.978271
2.704733 2.112735
0.342235 3.646107
4.699911 4.815638
3.119297 1.811701
5.255837 4.360057
5.735405 5.554308
2.772485 1.411969
4.677938 5.061922
5.980773 5.998169
1.597278 1.783685
5.040864 0.142460
4.063234 0.337291
0.052736 5.512741
1.655324 1.637379
3.527451 4.147099
5.025666 4.358959
2.909635 1.232154
4.462416 2.810755
2.747765 5.694937
4.466628 0.649678
3.594287 2.311411
4.410047 3.653798
3.434431 2.168035
2.550920 4.817286
3.102634 5.939940
1.013886 3.943846
4.198553 3.028840
5.799677 4.099124
4.930082 3.492294
0.933317 3.023530
4.093448 4.535112
4.331492 2.851772
5.008087 0.210578
3.102084 3.977905
2.557329 0.628071
5.696036 5.528306
3.297281 2.075930
2.830348 2.249886
2.736595 1.631336
5.897824 1.786798
